---
build/images/dresden_milk.jpg: 2020-08-07 16:57:24.572427085 +02:00
build/images/lisbon.jpg: 2020-08-07 16:57:24.616371225 +02:00
build/images/three_years.jpg: 2020-08-07 16:57:24.400225014 +02:00
build/images/moving.jpg: 2020-08-07 16:57:24.389956776 +02:00
build/images/roamers_2.jpg: 2020-08-07 16:57:24.515902575 +02:00
build/images/cleaning.jpg: 2020-08-07 17:34:11.474461989 +02:00
build/images/dresden_milk_2.jpg: 2020-08-07 16:57:24.277735082 +02:00
build/images/dresden_milk_3.jpg: 2020-08-07 16:57:24.933367223 +02:00
build/images/copper.jpg: 2020-08-07 16:57:25.067533788 +02:00
build/images/lisbon_slope.jpg: 2020-08-07 16:57:25.285082393 +02:00
build/images/sky.jpg: 2020-08-07 16:57:25.205520488 +02:00
build/images/profile.jpg: 2020-08-07 16:57:24.874835386 +02:00
build/images/after_wedding.jpg: 2020-08-07 16:57:25.113642998 +02:00
build/images/kino_2.jpg: 2020-08-07 16:57:28.903289027 +02:00
build/images/onamaewa.jpg: 2020-08-07 16:57:28.890775412 +02:00
build/images/kino_3.jpg: 2020-08-07 16:57:28.875559297 +02:00
build/images/kino_1.jpg: 2020-08-07 16:57:29.016861603 +02:00
build/images/tabi.jpg: 2020-08-07 16:57:28.757385276 +02:00
build/images/checkpoint_charlie.jpg: 2020-08-07 16:57:28.908091665 +02:00
