---
build/images/nihon_kara.jpg: 2020-01-06 18:16:19.568749377 +01:00
build/images/nye_2020.jpg: 2020-01-04 19:56:41.775964867 +01:00
build/images/profile.jpg: 2020-01-02 22:13:51.952620201 +01:00
build/images/owari_to_hajimari.jpg: 2020-01-02 22:13:52.354519377 +01:00
build/images/charlottenburg.jpg: 2020-01-02 22:13:52.215388939 +01:00
