---
build/images/dresden_milk.jpg: 2020-08-07 16:57:24.572427085 +02:00
build/images/roadtrip_franeker_cheese.jpg: 2020-12-08 22:53:13.991186222 +01:00
build/images/nihon_kara.jpg: 2020-11-01 16:07:04.146616667 +01:00
build/images/roadtrip_de_speed_sign_unlimited.jpg: 2020-12-08 22:53:13.916907949 +01:00
build/images/christmas_tree_5.jpg: 2020-12-21 20:57:41.668613265 +01:00
build/images/lisbon.jpg: 2020-08-07 16:57:24.616371225 +02:00
build/images/christmas_tree_4.jpg: 2020-12-21 20:57:41.704101163 +01:00
build/images/christmas_tree_6.jpg: 2020-12-21 20:57:41.512047477 +01:00
build/images/kotoshino_hon.jpg: 2020-12-30 20:24:14.874583644 +01:00
build/images/christmas_tree_7.jpg: 2020-12-21 20:57:42.020762366 +01:00
build/images/christmas_tree_3.jpg: 2020-12-21 20:57:42.356225376 +01:00
build/images/three_years.jpg: 2020-08-07 16:57:24.400225014 +02:00
build/images/christmas_tree_2.jpg: 2020-12-21 20:57:42.346747579 +01:00
build/images/moving.jpg: 2020-08-07 16:57:24.389956776 +02:00
build/images/nye_2020.jpg: 2020-11-01 16:07:04.154062498 +01:00
build/images/christmas_tree_1.jpg: 2020-12-21 20:57:42.427044633 +01:00
build/images/roamers_2.jpg: 2020-08-07 16:57:24.515902575 +02:00
build/images/adventskranz.jpg: 2020-12-21 20:57:42.382281506 +01:00
build/images/cleaning.jpg: 2020-08-07 17:34:11.474461989 +02:00
build/images/dresden_milk_2.jpg: 2020-08-07 16:57:24.277735082 +02:00
build/images/dresden_milk_3.jpg: 2020-08-07 16:57:24.933367223 +02:00
build/images/aki_2.jpg: 2020-11-01 16:07:04.148223630 +01:00
build/images/copper.jpg: 2020-08-07 16:57:25.067533788 +02:00
build/images/hitsuji.jpg: 2020-11-15 14:00:30.594940752 +01:00
build/images/lisbon_slope.jpg: 2020-08-07 16:57:25.285082393 +02:00
build/images/aki_1.jpg: 2020-10-25 17:31:22.538437288 +01:00
build/images/roadtrip_map_blackforest.jpg: 2020-12-09 21:58:47.143535522 +01:00
build/images/sky.jpg: 2020-08-07 16:57:25.205520488 +02:00
build/images/christmas_tree.jpg: 2020-12-21 20:57:43.422456942 +01:00
build/images/profile.jpg: 2020-08-07 16:57:24.874835386 +02:00
build/images/roadtrip_map_de.jpg: 2020-12-08 22:53:14.992429255 +01:00
build/images/after_wedding.jpg: 2020-08-07 16:57:25.113642998 +02:00
build/images/owari_to_hajimari.jpg: 2020-11-01 16:13:22.935575183 +01:00
build/images/roadtrip_nl.jpg: 2020-12-08 22:53:21.710006699 +01:00
build/images/jinjya_stick.jpg: 2020-12-04 11:42:41.137973360 +01:00
build/images/roadtrip_map.jpg: 2020-12-08 22:53:21.625827639 +01:00
build/images/repair_4.jpg: 2020-10-10 12:54:39.920708501 +02:00
build/images/repair_5.jpg: 2020-10-10 12:54:39.854730437 +02:00
build/images/repair_6.jpg: 2020-10-10 12:54:39.977234720 +02:00
build/images/kino_2.jpg: 2020-08-07 16:57:28.903289027 +02:00
build/images/ninty_four_3.jpg: 2020-12-10 18:54:39.558321411 +01:00
build/images/repair_2.jpg: 2020-10-10 12:54:40.106441131 +02:00
build/images/repair_3.jpg: 2020-10-10 12:54:40.548591759 +02:00
build/images/roadtrip_de_border.jpg: 2020-12-08 22:53:22.233814429 +01:00
build/images/ninty_four_2.jpg: 2020-12-10 18:54:39.885323920 +01:00
build/images/onamaewa.jpg: 2020-08-07 16:57:28.890775412 +02:00
build/images/kino_3.jpg: 2020-08-07 16:57:28.875559297 +02:00
build/images/kino_1.jpg: 2020-08-07 16:57:29.016861603 +02:00
build/images/tabi.jpg: 2020-08-07 16:57:28.757385276 +02:00
build/images/checkpoint_charlie.jpg: 2020-08-07 16:57:28.908091665 +02:00
build/images/charlottenburg.jpg: 2020-11-01 16:07:04.143164412 +01:00
build/images/repair_1.jpg: 2020-10-10 12:54:40.526755082 +02:00
build/images/roadtrip_blackforest_yoga.jpg: 2020-12-09 21:58:54.882467357 +01:00
build/images/ninty_four_1.jpg: 2020-12-10 18:54:40.319715320 +01:00
