---
build/images/three_years.jpg: 2020-04-16 17:46:19.338427584 +02:00
build/images/moving.jpg: 2020-05-03 17:02:39.012338232 +02:00
build/images/nye_2020.jpg: 2020-01-11 13:41:10.815951169 +01:00
build/images/roamers_2.jpg: 2020-01-19 18:53:07.293960754 +01:00
build/images/cleaning.jpg: 2020-05-03 17:02:44.814115316 +02:00
build/images/sky.jpg: 2020-02-07 18:51:05.056984525 +01:00
build/images/profile.jpg: 2020-01-02 22:13:51.952620201 +01:00
build/images/after_wedding.jpg: 2020-04-16 17:46:20.297044618 +02:00
build/images/owari_to_hajimari.jpg: 2020-01-11 13:41:10.727864039 +01:00
build/images/kino_2.jpg: 2020-02-11 18:01:06.633532963 +01:00
build/images/kino_3.jpg: 2020-02-11 18:01:06.611770460 +01:00
build/images/kino_1.jpg: 2020-02-11 18:01:06.917543825 +01:00
build/images/checkpoint_charlie.jpg: 2020-02-04 12:39:29.037611619 +01:00
build/images/charlottenburg.jpg: 2020-01-02 22:13:52.215388939 +01:00
