---
build/images/nye_2020.jpg: 2020-01-11 13:41:10.815951169 +01:00
build/images/roamers_2.jpg: 2020-01-19 18:53:07.293960754 +01:00
build/images/profile.jpg: 2020-01-02 22:13:51.952620201 +01:00
build/images/owari_to_hajimari.jpg: 2020-01-11 13:41:10.727864039 +01:00
build/images/charlottenburg.jpg: 2020-01-02 22:13:52.215388939 +01:00
